0.6883
0.7119
0.6636
0.6996
0.6569
0.6476683938
0.7224489796
0.7708333333
0.7639705882
0.7592592593
0.694092827
0.6349557522
0.7563261481
0.7739
0.7606
0.7840
0.730820996
0.6338383838
0.5940721649
0.5949367089
0.6319018405
0.575
0.5243902439
0.5379146919
0.5852272727
0.5888888889
0.5977011494
0.5666666667
0.5529411765
0.5795454545
0.5888888889
0.5795454545
0.4583333333
0.4615384615
0.5294117647
0.4509803922
0.4615384615
0.4841269841
0.3703703704
0.4347826087
0.4230769231
0.4545454545
0.4385964912
0.4444444444
0.4144144144
0.3902439024
0.4444444444
0.6534653465
0.5978835979
0.5375
0.8600223964
