1.38626795011440E+20
1.34338962290017E+20
1.39031504746727E+20
1.34739196035636E+20
1.34350522354916E+20
1.31702956244275E+20
1.29384710770288E+20
1.27515633863423E+20
1.20778970451371E+20
1.21015529271856E+20
1.28804871014243E+20
1.22386724526774E+20
1.40938154411594E+20
1.33883649720700E+20
1.53947460636177E+20
1.52165158917607E+20
9.02066472075869E+19
9.35067460240374E+19
1.56891043710143E+20
1.57392420836487E+20
1.56733767125990E+20
1.53304191353460E+20
1.55574744584070E+20
1.60204132729931E+20
1.52927924141690E+20
1.51161700626856E+20
1.54853581758591E+20
1.53737306688222E+20
1.55654083329803E+20
1.52992929419280E+20
1.51882958626061E+20
1.53513409177216E+20
1.82381050449938E+20
1.82251218234566E+20
1.78800349779938E+20
1.82911559778975E+20
1.85894643755947E+20
1.88468339901111E+20
1.21500529285947E+20
1.14386941120986E+20
1.16555101950030E+20
1.18262622078204E+20
1.12353023788785E+20
1.10240806486454E+20
1.36120894721725E+20
1.16515580026050E+20
1.33108171940821E+20
1.51789583821530E+20
1.53299224204617E+20
1.58895481324178E+20
1.32779970538868E+20
